A1 = [3 1 -1 1;
      1 -2 3 4;
      1 0 0 1;
      1 -7 3 1];
X1 = [8; 0; 2; -2];
A2 = [1 -2 3 4;
      1 0 -1 1;
      2 -2 2 5;
      0 -7 3 1];
X2 = [-1; 0; 2; 2];
gauso([A1, X1]);