A1 = [3 1 -1 1;
      1 -2 3 4;
      1 0 0 1;
      1 -7 3 1];
B1 = [8; 0; 2; -2];
A2 = [1 -2 3 4;
      1 0 -1 1;
      2 -2 2 5;
      0 -7 3 1];
B2 = [-1; 0; 2; 2];
A1 * atvirkstines([A1 B1])
B1